    6540.000 
    6540.399 
    6540.798 
    6541.196 
    6541.595 
    6541.994 
    6542.393 
    6542.792 
    6543.191 
    6543.590 
    6543.989 
    6544.388 
    6544.787 
    6545.186 
    6545.585 
    6545.984 
    6546.384 
    6546.783 
    6547.182 
    6547.581 
    6547.980 
    6548.380 
    6548.779 
    6549.178 
    6549.578 
    6549.977 
    6550.377 
    6550.776 
    6551.175 
    6551.575 
    6551.974 
    6552.374 
    6552.773 
    6553.173 
    6553.573 
    6553.972 
    6554.372 
    6554.772 
    6555.171 
    6555.571 
    6555.971 
    6556.371 
    6556.770 
    6557.170 
    6557.570 
    6557.970 
    6558.370 
    6558.770 
    6559.170 
    6559.570 
    6559.970 
    6560.370 
    6560.770 
    6561.170 
    6561.570 
    6561.970 
    6562.370 
    6562.770 
    6563.170 
    6563.570 
    6563.971 
    6564.371 
    6564.771 
    6565.172 
    6565.572 
    6565.972 
    6566.373 
    6566.773 
    6567.173 
    6567.574 
    6567.974 
    6568.375 
    6568.775 
    6569.176 
    6569.577 
    6569.977 
    6570.378 
    6570.778 
    6571.179 
    6571.580 
    6571.980 
    6572.381 
    6572.782 
    6573.183 
    6573.584 
    6573.984 
    6574.385 
    6574.786 
    6575.187 
    6575.588 
    6575.989 
    6576.390 
    6576.791 
    6577.192 
    6577.593 
    6577.994 
    6578.395 
    6578.796 
    6579.198 
    6579.599 
    6580.000 
