  656.2797  1.00   0.710   82259.105  1.5    97492.302  2.5   8.76   .00   .00 0      
-
  185.4659 26.01 -0.357  106500.773 4.5   52582.512 3.5   8.56  -5.43  -7.94
  185.4716 13.02  0.060       0.000 0.5   53916.600 1.5   0.00   0.00   0.00 
  185.9746 26.01 -1.301    7955.299 3.5   61726.078 3.5   8.73  -6.61  -7.94 
  186.0053 26.01 -0.260   15844.650 4.5   69606.555 3.5   8.73  -6.78  -7.98
  186.0132 26.01 -2.384    8391.938 2.5   62151.563 2.5   8.52  -6.64  -7.94
  186.2478 13.01 -0.320   37579.301 2.0   91271.203 1.0   0.00   0.00   0.00
  186.2790 13.02 -0.240       0.000 0.5   53682.930 0.5   0.00   0.00   0.00 
  186.4647 26.01 -0.907   20340.301 5.5   73969.766 5.5   8.62  -6.77  -8.02
  186.4749 26.01 -0.157   20340.301 5.5   73966.828 6.5   8.61  -6.77  -8.02
---
  656.2797  1.00   0.710   82259.105  1.5    97492.302  2.5   8.76   .00   .00 0      
-----------------------------------------------------------------------
  640.2246 10.00    .360  134041.840  2.0   149657.042  3.0    .00   .00   .00 0
   73.5896 10.00   -.780        .000   .0   135888.717  1.0    .00   .00   .00 0
  576.4419 10.00   -.370  149657.042  3.0   167000.034  4.0   7.84   .00   .00 0

  383.5384  1.00  -1.362   82259.105  1.5   108324.720  2.5   8.80   .00   .00 0   
  388.9048  1.00  -1.192   82259.105  1.5   107965.051  2.5   8.80   .00   .00 0      
  397.0072  1.00  -0.993   82259.105  1.5   107440.444  2.5   8.80   .00   .00 0      
  410.1734  1.00  -0.753   82259.105  1.5   106632.160  2.5   8.79   .00   .00 0      
  434.0462  1.00  -0.447   82259.105  1.5   105291.651  2.5   8.79   .00   .00 0      
  486.1323  1.00  -0.020   82259.105  1.5   102823.893  2.5   8.78   .00   .00 0      
  656.2797  1.00   0.710   82259.105  1.5    97492.302  2.5   8.76   .00   .00 0      
  656.1010  1.00   0.710   82281.662  1.5    97518.841  2.5   8.76 -5.61 -7.42 0 deuterium

  637.1371 14.01  -0.003   65500.470  0.5    81191.340  0.5   9.08 -5.04   .00 0

  400.9258  2.00  -1.473  171135.000  1.0   196070.223  2.0   0.00  0.00  0.00 0
  402.3973  2.00  -2.578  171135.000  1.0   195979.040  0.0   0.00  0.00  0.00 0 
  402.6185  2.00  -2.620  169086.864  2.0   193917.253  1.0   0.00 -3.16  0.00 0 
  402.6187  2.00  -0.700  169086.864  2.0   193917.243  3.0   0.00 -3.16  0.00 0
  402.6187  2.00  -1.450  169086.864  2.0   193917.243  2.0   0.00 -3.16  0.00 0
  402.6198  2.00  -1.450  169086.940  1.0   193917.253  1.0   0.00 -3.16  0.00 0
  402.6199  2.00  -0.970  169086.940  1.0   193917.243  2.0   0.00 -3.16  0.00 0
  402.6358  2.00  -1.320  169087.928  0.0   193917.253  1.0   0.00 -3.16  0.00 0
  412.0811  2.00  -1.743  169086.864  2.0   193347.089  1.0   0.00 -3.66  0.00 0
  412.0824  2.00  -1.963  169086.940  1.0   193347.089  1.0   0.00 -3.66  0.00 0
  412.0991  2.00  -2.433  169087.928  0.0   193347.089  1.0   0.00 -3.66  0.00 0
  414.3761  2.00  -1.195  171135.000  1.0   195260.860  2.0   0.00  0.00  0.00 0
  416.8967  2.00  -2.338  171135.000  1.0   195115.000  0.0   0.00  0.00  0.00 0
  438.7929  2.00  -0.883  171135.000  1.0   193918.391  2.0   0.00 -3.08  0.00 0
  443.7551  2.00  -2.034  171135.000  1.0   193663.627  0.0   0.00 -3.50  0.00 0
  447.1469  2.00  -2.198  169086.864  2.0   191444.603  1.0   0.00 -3.69  0.00 0
  447.1473  2.00  -1.028  169086.864  2.0   191444.585  2.0   0.00 -3.69  0.00 0
  447.1473  2.00  -0.278  169086.864  2.0   191444.583  3.0   0.00 -3.69  0.00 0
  447.1485  2.00  -1.028  169086.940  1.0   191444.603  1.0   0.00 -3.69  0.00 0
  447.1488  2.00  -0.548  169086.940  1.0   191444.585  2.0   0.00 -3.69  0.00 0
  447.1682  2.00  -0.898  169087.928  0.0   191444.603  1.0   0.00 -3.69  0.00 0
  471.3139  2.00  -1.233  169086.864  2.0   190298.210  1.0   0.00 -4.13  0.00 0
  471.3156  2.00  -1.453  169086.940  1.0   190298.210  1.0   0.00 -4.13  0.00 0
  471.3376  2.00  -1.923  169087.928  0.0   190298.210  1.0   0.00 -4.13  0.00 0
  492.1931  2.00  -0.435  171135.000  1.0   191446.559  2.0   0.00 -3.60  0.00 0
  501.5678  2.00  -0.820  166277.546  0.0   186209.471  1.0   0.00 -4.30  0.00 0
  504.7738  2.00  -1.602  171135.000  1.0   190940.331  0.0   0.00 -3.95  0.00 0
  587.5599  2.00  -1.511  169086.864  2.0   186101.690  1.0   0.00 -4.72  0.00 0
  587.5614  2.00  -0.341  169086.864  2.0   186101.646  2.0   0.00 -4.72  0.00 0
  587.5615  2.00   0.409  169086.864  2.0   186101.644  3.0   0.00 -4.72  0.00 0
  587.5625  2.00  -0.341  169086.940  1.0   186101.690  1.0   0.00 -4.72  0.00 0
  587.5640  2.00   0.139  169086.940  1.0   186101.646  2.0   0.00 -4.72  0.00 0
  587.5966  2.00  -0.211  169087.928  0.0   186101.690  1.0   0.00 -4.72  0.00 0
  667.8154  2.00   0.329  171135.000  1.0   186105.065  2.0   0.00 -4.53  0.00 0
------------------------------------------------------------------------------------------------
    Wl_vac      Wl_air   log_gf   Elem. E_lower_lev.   J   E_upper_lev.   J    Gamma (Damping)  
     / nm        / nm            (Code)   / cm^(-1)  lower   / cm^(-1)  upper   R     S     W   
------------------------------------------------------------------------------------------------
   121.5671              -0.080   1.00        0.000   0.5    82259.105   1.5   8.67  0.00  0.00 
   139.3755               0.030  14.03        0.000   0.5    71748.640   1.5   8.96 -6.00  0.00 
   140.2770              -0.280  14.03        0.000   0.5    71287.540   0.5   8.96 -6.00  0.00 
   154.8187              -0.423   6.03        0.000   0.5    64591.700   1.5   8.42  0.00  0.00 
   155.0772              -0.723   6.03        0.000   0.5    64484.000   0.5   8.42  0.00  0.00 
   185.4716    185.4089   0.060  13.02        0.000   0.5    53916.600   1.5   0.00  0.00  0.00 
   186.2790    186.2162  -0.240  13.02        0.000   0.5    53682.930   0.5   0.00  0.00  0.00 
   279.6352    279.5528   0.100  12.01        0.000   0.5    35760.880   1.5   8.43 -5.68 -7.86 
   280.3531    280.2705  -0.210  12.01        0.000   0.5    35669.310   0.5   8.43 -5.68 -7.86 
