90		! from Grevesse & Sauval, 1998, Space Sci. Rev. 85, 161
  1   1.00D0             1 
  2   1.00D-1            1
  3   1.26D-11           0
  4   2.51D-11           0
  5   5.0D-10            0
  6   3.31D-6            1  
  7   8.32D-5            0
  8   6.76D-4            0
  9   3.16D-8            0
 10   1.23D-4            0 
 11   2.14D-6            0
 12   3.80D-5            0
 13   2.95D-6            0
 14   3.55D-5            0
 15   2.82D-7            0
 16   2.14D-5            0
 17   3.16D-7            0
 18   2.52D-6            0
 19   1.32D-7            1 
 20   2.29D-6            0
 21   1.48D-9            0
 22   1.05D-7            0
 23   1.00D-8            0
 24   4.68D-7            0
 25   2.45D-7            0
 26   3.16D-5            1 
 27   8.32D-8            0
 28   1.78D-6            0
 29   1.62D-8            0
 30   3.98D-8            0
 31   1.34896324e-09     0
 32   4.26579633e-09     0
 33   2.34422821e-10     0
 34   2.23872066e-09     0
 35   4.26579633e-10     0
 36   1.69824373e-09     0
 37   2.51188699e-10     0
 38   8.51138173e-10     0
 39   1.65958702e-10     0
 40   4.07380181e-10     0
 41   2.51188630e-11     0
 42   9.12010923e-11     0
 43   1.00000000e-24     0
 44   6.60693531e-11     0
 45   1.23026887e-11     0
 46   5.01187291e-11     0
 47   1.73780087e-11     0
 48   5.75439927e-11     0
 49   6.60693440e-12     0
 50   1.38038460e-10     0
 51   1.09647810e-11     0
 52   1.73780087e-10     0
 53   3.23593651e-11     0
 54   1.69824373e-10     0
 55   1.31825676e-11     0
 56   1.62181025e-10     0
 57   1.58489337e-11     0
 58   4.07380293e-11     0
 59   6.02559549e-12     0
 60   2.95120943e-11     0
 61   1.00000000e-24     0
 62   9.33254366e-12     0
 63   3.46736869e-12     0
 64   1.17489770e-11     0
 65   2.13796216e-12     0
 66   1.41253747e-11     0
 67   3.16227767e-12     0
 68   8.91250917e-12     0
 69   1.34896287e-12     0
 70   8.91250917e-12     0
 71   1.31825674e-12     0
 72   5.37031822e-12     0
 73   1.34896287e-12     0
 74   4.78630102e-12     0
 75   1.86208719e-12     0
 76   2.39883290e-11     0
 77   2.34422885e-11     0
 78   4.78630036e-11     0
 79   6.76082952e-12     0
 80   1.23026887e-11     0
 81   6.60693440e-12     0
 82   1.12201834e-10     0
 83   5.12861361e-12     0
 84   1.00000000e-24     0
 85   1.00000000e-24     0
 86   1.00000000e-24     0
 87   1.00000000e-24     0
 88   1.00000000e-24     0
 89   1.00000000e-24     0
 90   1.20226443e-12     0
 91   1.00000000e-24     0
 92   3.23593651e-13     0
 93   1.00000000e-24     0
 94   1.00000000e-24     0
 95   1.00000000e-24     0
 96   1.00000000e-24     0
 97   1.00000000e-24     0
 98   1.00000000e-24     0
 99   1.00000000e-24     0
